
Image: ellipse.png

Raw Moments
M00=1022784
M10=102278469
M01=102278427
M11=10227848986
M20=10876277561
M02=10392271505
M21=1087627918380
M12=1039227722396
M22=110476478283286
M30=1217313351309
M03=1072112655081

Central Moments
m00=1022784
m10=0
m01=0
m11=-614.002
m20=6.48424e+08
m02=1.64426e+08
m21=231.18
m12=-6600.05
m22=6.94082e+10
m30=19368.9
m03=2284.93

Normalized Central Moments
n00=1
n10=0
n01=0
n11=-5.869510988e-10
n20=0.0006198565825
n02=0.0001571819303
n21=2.185196197e-13
n12=-6.238603818e-12
n22=6.487226045e-08
n30=1.830817963e-11
n03=2.159797731e-12

Hu Invariant Moments
I1=0.0007770385128
I2=2.14067839e-07
I3=1.373038634e-21
I4=1.513310623e-22
I5=5.605193857e-44
I6=6.478283526e-26
I7=-4.063765547e-44
I8=-1.328128839e-26

Maitra Invariant Moments
B1=0.5839657784
B2=9.203124374e-11
B3=9.917481127e-18
B4=1.551560211e-17
B5=4.245543268e-21
B6=9.917481127e-18


Miscellaneous Parameters
Total Mass = 1022784
Mean = 25.56959915
X Center of Mass (XCOM) = 100.0000687
Y Center of Mass (YCOM) = 100.0000229
X Radius of Gyration = 100.8006363
Y Radius of Gyration = 103.121254
COM Radius of Gyration = 28.19117928
Ellipse Angle (radians) = -1.268604365e-06
Ellipse Angle (degrees) = -7.268567424e-05
Ellipse Semi-Major Axis = 50.3578949
Ellipse Semi-Minor Axis = 25.35848236
Ellipse Eccentricity = 0.7045813203
Ellipse Intensity = 254.9430695

